 0.0000  3.0000  0.0000  2.0000  0.0000
30.0000  1.5000  2.5981  1.0000  1.7321
60.0000 -1.5000  2.5981 -1.0000  1.7321
90.0000 -3.0000  0.0000 -2.0000  0.0000
120.0000 -1.5000 -2.5981 -1.0000 -1.7321
150.0000  1.5000 -2.5981  1.0000 -1.7321
180.0000  3.0000 -0.0000  2.0000 -0.0000
210.0000  1.5000  2.5981  1.0000  1.7321
240.0000 -1.5000  2.5981 -1.0000  1.7321
270.0000 -3.0000  0.0000 -2.0000  0.0000
300.0000 -1.5000 -2.5981 -1.0000 -1.7321
330.0000  1.5000 -2.5981  1.0000 -1.7321
360.0000  3.0000 -0.0000  2.0000 -0.0000
